Frequency, Hz	Amplitude, Volts
1.419400000E+9	3.660710000E-5
1.419403333E+9	3.467258000E-5
1.419406667E+9	3.566822000E-5
1.419410000E+9	3.608094000E-5
1.419413333E+9	3.616122000E-5
1.419416667E+9	3.669330000E-5
1.419420000E+9	3.566199000E-5
1.419423333E+9	3.623335000E-5
1.419426667E+9	3.580258000E-5
1.419430000E+9	3.678990000E-5
1.419433333E+9	3.606283000E-5
1.419436667E+9	3.634898000E-5
1.419440000E+9	3.605067000E-5
1.419443333E+9	4.428398000E-5
1.419446667E+9	4.075557000E-5
1.419450000E+9	3.763133000E-5
1.419453333E+9	3.830744000E-5
1.419456667E+9	3.602143000E-5
1.419460000E+9	3.555867000E-5
1.419463333E+9	3.649231000E-5
1.419466667E+9	3.600520000E-5
1.419470000E+9	3.502924000E-5
1.419473333E+9	3.638073000E-5
1.419476667E+9	3.510779000E-5
1.419480000E+9	3.612525000E-5
1.419483333E+9	3.660867000E-5
1.419486667E+9	3.669428000E-5
1.419490000E+9	3.602615000E-5
1.419493333E+9	3.481237000E-5
1.419496667E+9	3.572046000E-5
1.419500000E+9	3.568901000E-5
1.419503333E+9	3.577186000E-5
1.419506667E+9	3.553481000E-5
1.419510000E+9	3.548599000E-5
1.419513333E+9	3.520662000E-5
1.419516667E+9	3.578817000E-5
1.419520000E+9	3.588186000E-5
1.419523333E+9	3.569970000E-5
1.419526667E+9	3.493445000E-5
1.419530000E+9	3.551234000E-5
1.419533333E+9	3.566478000E-5
1.419536667E+9	3.590355000E-5
1.419540000E+9	3.575781000E-5
1.419543333E+9	3.467534000E-5
1.419546667E+9	3.642356000E-5
1.419550000E+9	3.525896000E-5
1.419553333E+9	3.605182000E-5
1.419556667E+9	3.495329000E-5
1.419560000E+9	3.591644000E-5
1.419563333E+9	3.585640000E-5
1.419566667E+9	3.456949000E-5
1.419570000E+9	3.589067000E-5
1.419573333E+9	3.558095000E-5
1.419576667E+9	3.586378000E-5
1.419580000E+9	3.626448000E-5
1.419583333E+9	3.535405000E-5
1.419586667E+9	3.559435000E-5
1.419590000E+9	3.560509000E-5
1.419593333E+9	3.502286000E-5
1.419596667E+9	3.473645000E-5
1.419600000E+9	3.432848000E-5
1.419603333E+9	3.574074000E-5
1.419606667E+9	3.487619000E-5
1.419610000E+9	3.454352000E-5
1.419613333E+9	3.633881000E-5
1.419616667E+9	3.522586000E-5
1.419620000E+9	3.524476000E-5
1.419623333E+9	3.524222000E-5
1.419626667E+9	3.702234000E-5
1.419630000E+9	3.433421000E-5
1.419633333E+9	3.516711000E-5
1.419636667E+9	3.566456000E-5
1.419640000E+9	3.553715000E-5
1.419643333E+9	3.526453000E-5
1.419646667E+9	3.441544000E-5
1.419650000E+9	3.477203000E-5
1.419653333E+9	3.568164000E-5
1.419656667E+9	3.439064000E-5
1.419660000E+9	3.581779000E-5
1.419663333E+9	3.619812000E-5
1.419666667E+9	3.552436000E-5
1.419670000E+9	3.519223000E-5
1.419673333E+9	3.601454000E-5
1.419676667E+9	3.589800000E-5
1.419680000E+9	3.531459000E-5
1.419683333E+9	3.501067000E-5
1.419686667E+9	3.522821000E-5
1.419690000E+9	3.633286000E-5
1.419693333E+9	3.501670000E-5
1.419696667E+9	3.565888000E-5
1.419700000E+9	3.507624000E-5
1.419703333E+9	3.499682000E-5
1.419706667E+9	3.551646000E-5
1.419710000E+9	3.619249000E-5
1.419713333E+9	3.510707000E-5
1.419716667E+9	3.581178000E-5
1.419720000E+9	3.648643000E-5
1.419723333E+9	3.764157000E-5
1.419726667E+9	3.547548000E-5
1.419730000E+9	3.623055000E-5
1.419733333E+9	3.658248000E-5
1.419736667E+9	4.501250000E-5
1.419740000E+9	4.040018000E-5
1.419743333E+9	3.799864000E-5
1.419746667E+9	3.978440000E-5
1.419750000E+9	3.510211000E-5
1.419753333E+9	3.647220000E-5
1.419756667E+9	3.494185000E-5
1.419760000E+9	3.502741000E-5
1.419763333E+9	3.551527000E-5
1.419766667E+9	3.632088000E-5
1.419770000E+9	3.555969000E-5
1.419773333E+9	3.603180000E-5
1.419776667E+9	3.567497000E-5
1.419780000E+9	3.594712000E-5
1.419783333E+9	3.572156000E-5
1.419786667E+9	3.431369000E-5
1.419790000E+9	3.646555000E-5
1.419793333E+9	3.659903000E-5
1.419796667E+9	3.502047000E-5
1.419800000E+9	3.674928000E-5
1.419803333E+9	3.483303000E-5
1.419806667E+9	3.593562000E-5
1.419810000E+9	3.460294000E-5
1.419813333E+9	3.660640000E-5
1.419816667E+9	3.657014000E-5
1.419820000E+9	3.565272000E-5
1.419823333E+9	3.484273000E-5
1.419826667E+9	3.559253000E-5
1.419830000E+9	3.641196000E-5
1.419833333E+9	3.513408000E-5
1.419836667E+9	3.586249000E-5
1.419840000E+9	3.460319000E-5
1.419843333E+9	3.592945000E-5
1.419846667E+9	3.651606000E-5
1.419850000E+9	3.679113000E-5
1.419853333E+9	3.599056000E-5
1.419856667E+9	3.647709000E-5
1.419860000E+9	3.574247000E-5
1.419863333E+9	3.529592000E-5
1.419866667E+9	3.461434000E-5
1.419870000E+9	3.569650000E-5
1.419873333E+9	3.569385000E-5
1.419876667E+9	3.654660000E-5
1.419880000E+9	3.677757000E-5
1.419883333E+9	3.606817000E-5
1.419886667E+9	3.556890000E-5
1.419890000E+9	3.633716000E-5
1.419893333E+9	3.604735000E-5
1.419896667E+9	3.620861000E-5
1.419900000E+9	3.547826000E-5
1.419903333E+9	3.499537000E-5
1.419906667E+9	3.576205000E-5
1.419910000E+9	3.550743000E-5
1.419913333E+9	3.703978000E-5
1.419916667E+9	3.485867000E-5
1.419920000E+9	3.504460000E-5
1.419923333E+9	3.498057000E-5
1.419926667E+9	3.576899000E-5
1.419930000E+9	3.582079000E-5
1.419933333E+9	3.649823000E-5
1.419936667E+9	3.529081000E-5
1.419940000E+9	3.605314000E-5
1.419943333E+9	3.498432000E-5
1.419946667E+9	3.522371000E-5
1.419950000E+9	3.615325000E-5
1.419953333E+9	3.568258000E-5
1.419956667E+9	3.660132000E-5
1.419960000E+9	3.613198000E-5
1.419963333E+9	3.553343000E-5
1.419966667E+9	3.614894000E-5
1.419970000E+9	3.590077000E-5
1.419973333E+9	3.653978000E-5
1.419976667E+9	3.515139000E-5
1.419980000E+9	3.568875000E-5
1.419983333E+9	3.545353000E-5
1.419986667E+9	3.493412000E-5
1.419990000E+9	3.479885000E-5
1.419993333E+9	3.550651000E-5
1.419996667E+9	3.563612000E-5
1.420000000E+9	3.660130000E-5
1.420003333E+9	3.577926000E-5
1.420006667E+9	3.582156000E-5
1.420010000E+9	3.538070000E-5
1.420013333E+9	3.502501000E-5
1.420016667E+9	3.664541000E-5
1.420020000E+9	3.562927000E-5
1.420023333E+9	3.477902000E-5
1.420026667E+9	3.720163000E-5
1.420030000E+9	4.235332000E-5
1.420033333E+9	3.943827000E-5
1.420036667E+9	3.682200000E-5
1.420040000E+9	3.795229000E-5
1.420043333E+9	3.491454000E-5
1.420046667E+9	3.611603000E-5
1.420050000E+9	3.698215000E-5
1.420053333E+9	3.651118000E-5
1.420056667E+9	3.622137000E-5
1.420060000E+9	3.490191000E-5
1.420063333E+9	3.564553000E-5
1.420066667E+9	3.584119000E-5
1.420070000E+9	3.657552000E-5
1.420073333E+9	3.457414000E-5
1.420076667E+9	3.495196000E-5
1.420080000E+9	3.588779000E-5
1.420083333E+9	3.379824000E-5
1.420086667E+9	3.578023000E-5
1.420090000E+9	3.553369000E-5
1.420093333E+9	3.593697000E-5
1.420096667E+9	3.556409000E-5
1.420100000E+9	3.563007000E-5
1.420103333E+9	3.501483000E-5
1.420106667E+9	3.505162000E-5
1.420110000E+9	3.455750000E-5
1.420113333E+9	3.535049000E-5
1.420116667E+9	3.528999000E-5
1.420120000E+9	3.591393000E-5
1.420123333E+9	3.485132000E-5
1.420126667E+9	3.476008000E-5
1.420130000E+9	3.532207000E-5
1.420133333E+9	3.561129000E-5
1.420136667E+9	3.508546000E-5
1.420140000E+9	3.565020000E-5
1.420143333E+9	3.538576000E-5
1.420146667E+9	3.568087000E-5
1.420150000E+9	3.536297000E-5
1.420153333E+9	3.534568000E-5
1.420156667E+9	3.598530000E-5
1.420160000E+9	3.640606000E-5
1.420163333E+9	3.481839000E-5
1.420166667E+9	3.578540000E-5
1.420170000E+9	3.593478000E-5
1.420173333E+9	3.517528000E-5
1.420176667E+9	3.514538000E-5
1.420180000E+9	3.651440000E-5
1.420183333E+9	3.669946000E-5
1.420186667E+9	3.617948000E-5
1.420190000E+9	3.609580000E-5
1.420193333E+9	3.501805000E-5
1.420196667E+9	3.539868000E-5
1.420200000E+9	3.616523000E-5
1.420203333E+9	3.544461000E-5
1.420206667E+9	3.690201000E-5
1.420210000E+9	3.497009000E-5
1.420213333E+9	3.559850000E-5
1.420216667E+9	3.555361000E-5
1.420220000E+9	3.543490000E-5
1.420223333E+9	3.537994000E-5
1.420226667E+9	3.548289000E-5
1.420230000E+9	3.484768000E-5
1.420233333E+9	3.572051000E-5
1.420236667E+9	3.601761000E-5
1.420240000E+9	3.569700000E-5
1.420243333E+9	3.511209000E-5
1.420246667E+9	3.368696000E-5
1.420250000E+9	3.457138000E-5
1.420253333E+9	3.565392000E-5
1.420256667E+9	3.472677000E-5
1.420260000E+9	3.448107000E-5
1.420263333E+9	3.692829000E-5
1.420266667E+9	3.530529000E-5
1.420270000E+9	3.503873000E-5
1.420273333E+9	3.639721000E-5
1.420276667E+9	3.535388000E-5
1.420280000E+9	3.555058000E-5
1.420283333E+9	3.573838000E-5
1.420286667E+9	3.597472000E-5
1.420290000E+9	3.539365000E-5
1.420293333E+9	3.586418000E-5
1.420296667E+9	3.602249000E-5
1.420300000E+9	3.646239000E-5
1.420303333E+9	3.474650000E-5
1.420306667E+9	3.653176000E-5
1.420310000E+9	3.590234000E-5
1.420313333E+9	3.545245000E-5
1.420316667E+9	3.601690000E-5
1.420320000E+9	3.575899000E-5
1.420323333E+9	4.225172000E-5
1.420326667E+9	3.981017000E-5
1.420330000E+9	3.862967000E-5
1.420333333E+9	3.900393000E-5
1.420336667E+9	3.538307000E-5
1.420340000E+9	3.651809000E-5
1.420343333E+9	3.475569000E-5
1.420346667E+9	3.669599000E-5
1.420350000E+9	3.515165000E-5
1.420353333E+9	3.589148000E-5
1.420356667E+9	3.583470000E-5
1.420360000E+9	3.565272000E-5
1.420363333E+9	3.484665000E-5
1.420366667E+9	3.599608000E-5
1.420370000E+9	3.495633000E-5
1.420373333E+9	3.530806000E-5
1.420376667E+9	3.679858000E-5
1.420380000E+9	3.669309000E-5
1.420383333E+9	3.568079000E-5
1.420386667E+9	3.548772000E-5
1.420390000E+9	3.544382000E-5
1.420393333E+9	3.522701000E-5
1.420396667E+9	3.540550000E-5
1.420400000E+9	3.594462000E-5
1.420403333E+9	3.670133000E-5
1.420406667E+9	3.493101000E-5
1.420410000E+9	3.495976000E-5
1.420413333E+9	3.616427000E-5
1.420416667E+9	3.613319000E-5
1.420420000E+9	3.500189000E-5
1.420423333E+9	3.547479000E-5
1.420426667E+9	3.701817000E-5
1.420430000E+9	3.597240000E-5
1.420433333E+9	3.667562000E-5
1.420436667E+9	3.654145000E-5
1.420440000E+9	3.675226000E-5
1.420443333E+9	3.579812000E-5
1.420446667E+9	3.644731000E-5
1.420450000E+9	3.492754000E-5
1.420453333E+9	3.521226000E-5
1.420456667E+9	3.526888000E-5
1.420460000E+9	3.531564000E-5
1.420463333E+9	3.459755000E-5
1.420466667E+9	3.615770000E-5
1.420470000E+9	3.586217000E-5
1.420473333E+9	3.476062000E-5
1.420476667E+9	3.484270000E-5
1.420480000E+9	3.688488000E-5
1.420483333E+9	3.543148000E-5
1.420486667E+9	3.582959000E-5
1.420490000E+9	3.590766000E-5
1.420493333E+9	3.505815000E-5
1.420496667E+9	3.516900000E-5
1.420500000E+9	3.551080000E-5
1.420503333E+9	3.584152000E-5
1.420506667E+9	3.505905000E-5
1.420510000E+9	3.439611000E-5
1.420513333E+9	3.566645000E-5
1.420516667E+9	3.624568000E-5
1.420520000E+9	3.682437000E-5
1.420523333E+9	3.563486000E-5
1.420526667E+9	3.631234000E-5
1.420530000E+9	3.622657000E-5
1.420533333E+9	3.596968000E-5
1.420536667E+9	3.524908000E-5
1.420540000E+9	3.639022000E-5
1.420543333E+9	3.457555000E-5
1.420546667E+9	3.578788000E-5
1.420550000E+9	3.566971000E-5
1.420553333E+9	3.607634000E-5
1.420556667E+9	3.509112000E-5
1.420560000E+9	3.585564000E-5
1.420563333E+9	3.568716000E-5
1.420566667E+9	3.625081000E-5
1.420570000E+9	3.485797000E-5
1.420573333E+9	3.535318000E-5
1.420576667E+9	3.488728000E-5
1.420580000E+9	3.582613000E-5
1.420583333E+9	3.635600000E-5
1.420586667E+9	3.669975000E-5
1.420590000E+9	3.602936000E-5
1.420593333E+9	3.620012000E-5
1.420596667E+9	3.543189000E-5
1.420600000E+9	3.585435000E-5
1.420603333E+9	3.622593000E-5
1.420606667E+9	3.663741000E-5
1.420610000E+9	3.610303000E-5
1.420613333E+9	3.914772000E-5
1.420616667E+9	4.576855000E-5
1.420620000E+9	4.081362000E-5
1.420623333E+9	3.995981000E-5
1.420626667E+9	3.990381000E-5
1.420630000E+9	3.527077000E-5
1.420633333E+9	3.545275000E-5
1.420636667E+9	3.629049000E-5
1.420640000E+9	3.544181000E-5
1.420643333E+9	3.636484000E-5
1.420646667E+9	3.490008000E-5
1.420650000E+9	3.566348000E-5
1.420653333E+9	3.555757000E-5
1.420656667E+9	3.498913000E-5
1.420660000E+9	3.571918000E-5
1.420663333E+9	3.654281000E-5
1.420666667E+9	3.471746000E-5
1.420670000E+9	3.519568000E-5
1.420673333E+9	3.543007000E-5
1.420676667E+9	3.660484000E-5
1.420680000E+9	3.575952000E-5
1.420683333E+9	3.551636000E-5
1.420686667E+9	3.501139000E-5
1.420690000E+9	3.499437000E-5
1.420693333E+9	3.616534000E-5
1.420696667E+9	3.607676000E-5
1.420700000E+9	3.515983000E-5
1.420703333E+9	3.629470000E-5
1.420706667E+9	3.605261000E-5
1.420710000E+9	3.702829000E-5
1.420713333E+9	3.638894000E-5
1.420716667E+9	3.510272000E-5
1.420720000E+9	3.485847000E-5
1.420723333E+9	3.595930000E-5
1.420726667E+9	3.530173000E-5
1.420730000E+9	3.470494000E-5
1.420733333E+9	3.619775000E-5
1.420736667E+9	3.597505000E-5
1.420740000E+9	3.525579000E-5
1.420743333E+9	3.628846000E-5
1.420746667E+9	3.654822000E-5
1.420750000E+9	3.514278000E-5
1.420753333E+9	3.538964000E-5
1.420756667E+9	3.631687000E-5
1.420760000E+9	3.442331000E-5
1.420763333E+9	3.532375000E-5
1.420766667E+9	3.555555000E-5
1.420770000E+9	3.477968000E-5
1.420773333E+9	3.594640000E-5
1.420776667E+9	3.455659000E-5
1.420780000E+9	3.534151000E-5
1.420783333E+9	3.532542000E-5
1.420786667E+9	3.464253000E-5
1.420790000E+9	3.586586000E-5
1.420793333E+9	3.630989000E-5
1.420796667E+9	3.582008000E-5
1.420800000E+9	3.530348000E-5
1.420803333E+9	3.616628000E-5
1.420806667E+9	3.527852000E-5
1.420810000E+9	3.525882000E-5
1.420813333E+9	3.579555000E-5
1.420816667E+9	3.503777000E-5
1.420820000E+9	3.545003000E-5
1.420823333E+9	3.472619000E-5
1.420826667E+9	3.590861000E-5
1.420830000E+9	3.545281000E-5
1.420833333E+9	3.702291000E-5
1.420836667E+9	3.635518000E-5
1.420840000E+9	3.639935000E-5
1.420843333E+9	3.537160000E-5
1.420846667E+9	3.551673000E-5
1.420850000E+9	3.635090000E-5
1.420853333E+9	3.498487000E-5
1.420856667E+9	3.554369000E-5
1.420860000E+9	3.507228000E-5
1.420863333E+9	3.663835000E-5
1.420866667E+9	3.650220000E-5
1.420870000E+9	3.682746000E-5
1.420873333E+9	3.593444000E-5
1.420876667E+9	3.593770000E-5
1.420880000E+9	3.566170000E-5
1.420883333E+9	3.564541000E-5
1.420886667E+9	3.558888000E-5
1.420890000E+9	3.550628000E-5
1.420893333E+9	3.600796000E-5
1.420896667E+9	3.540693000E-5
1.420900000E+9	3.723993000E-5
1.420903333E+9	3.672519000E-5
1.420906667E+9	4.316702000E-5
1.420910000E+9	5.826208000E-5
1.420913333E+9	5.010871000E-5
1.420916667E+9	4.702205000E-5
1.420920000E+9	4.191786000E-5
1.420923333E+9	3.594463000E-5
1.420926667E+9	3.507157000E-5
1.420930000E+9	3.460930000E-5
1.420933333E+9	3.805429000E-5
1.420936667E+9	3.601000000E-5
1.420940000E+9	3.579218000E-5
1.420943333E+9	3.452733000E-5
1.420946667E+9	3.589685000E-5
1.420950000E+9	3.561337000E-5
1.420953333E+9	3.535055000E-5
1.420956667E+9	3.558007000E-5
1.420960000E+9	3.541649000E-5
1.420963333E+9	3.641002000E-5
1.420966667E+9	3.666950000E-5
1.420970000E+9	3.530560000E-5
1.420973333E+9	3.536842000E-5
1.420976667E+9	3.619142000E-5
1.420980000E+9	3.646472000E-5
1.420983333E+9	3.381331000E-5
1.420986667E+9	3.532704000E-5
1.420990000E+9	3.563835000E-5
1.420993333E+9	3.598372000E-5
1.420996667E+9	3.475574000E-5
1.421000000E+9	3.580134000E-5
1.421003333E+9	3.529686000E-5
1.421006667E+9	3.605774000E-5
1.421010000E+9	3.515660000E-5
1.421013333E+9	3.558329000E-5
1.421016667E+9	3.604677000E-5
1.421020000E+9	3.612780000E-5
1.421023333E+9	3.512117000E-5
1.421026667E+9	3.542364000E-5
1.421030000E+9	3.690401000E-5
1.421033333E+9	3.585693000E-5
1.421036667E+9	3.665999000E-5
1.421040000E+9	3.560957000E-5
1.421043333E+9	3.619294000E-5
1.421046667E+9	3.506289000E-5
1.421050000E+9	3.593554000E-5
1.421053333E+9	3.566251000E-5
1.421056667E+9	3.570106000E-5
1.421060000E+9	3.523591000E-5
1.421063333E+9	3.586183000E-5
1.421066667E+9	3.480374000E-5
1.421070000E+9	3.583589000E-5
1.421073333E+9	3.593467000E-5
1.421076667E+9	3.574096000E-5
1.421080000E+9	3.541924000E-5
1.421083333E+9	3.603293000E-5
1.421086667E+9	3.552733000E-5
1.421090000E+9	3.570613000E-5
1.421093333E+9	3.579603000E-5
1.421096667E+9	3.587586000E-5
1.421100000E+9	3.588807000E-5
1.421103333E+9	3.553531000E-5
1.421106667E+9	3.449748000E-5
1.421110000E+9	3.628100000E-5
1.421113333E+9	3.547844000E-5
1.421116667E+9	3.613585000E-5
1.421120000E+9	3.644880000E-5
1.421123333E+9	3.536952000E-5
1.421126667E+9	3.600820000E-5
1.421130000E+9	3.496471000E-5
1.421133333E+9	3.584268000E-5
1.421136667E+9	3.546994000E-5
1.421140000E+9	3.490731000E-5
1.421143333E+9	3.522145000E-5
1.421146667E+9	3.567354000E-5
1.421150000E+9	3.513597000E-5
1.421153333E+9	3.547985000E-5
1.421156667E+9	3.592933000E-5
1.421160000E+9	3.535622000E-5
1.421163333E+9	3.485646000E-5
1.421166667E+9	3.574460000E-5
1.421170000E+9	3.581002000E-5
1.421173333E+9	3.651938000E-5
1.421176667E+9	3.605627000E-5
1.421180000E+9	3.483770000E-5
1.421183333E+9	3.586591000E-5
1.421186667E+9	3.603993000E-5
1.421190000E+9	3.539322000E-5
1.421193333E+9	3.542212000E-5
1.421196667E+9	3.534238000E-5
1.421200000E+9	3.868400000E-5
1.421203333E+9	4.394016000E-5
1.421206667E+9	4.112358000E-5
1.421210000E+9	3.938428000E-5
1.421213333E+9	3.781748000E-5
1.421216667E+9	3.584674000E-5
1.421220000E+9	3.572397000E-5
1.421223333E+9	3.662397000E-5
1.421226667E+9	3.683272000E-5
1.421230000E+9	3.567584000E-5
1.421233333E+9	3.684861000E-5
1.421236667E+9	3.574299000E-5
1.421240000E+9	3.580889000E-5
1.421243333E+9	3.620499000E-5
1.421246667E+9	3.558706000E-5
1.421250000E+9	3.617756000E-5
1.421253333E+9	3.531338000E-5
1.421256667E+9	3.609193000E-5
1.421260000E+9	3.501623000E-5
1.421263333E+9	3.591060000E-5
1.421266667E+9	3.474314000E-5
1.421270000E+9	3.667083000E-5
1.421273333E+9	3.535246000E-5
1.421276667E+9	3.742537000E-5
1.421280000E+9	3.638837000E-5
1.421283333E+9	3.697424000E-5
1.421286667E+9	3.514586000E-5
1.421290000E+9	3.560369000E-5
1.421293333E+9	3.515873000E-5
1.421296667E+9	3.624431000E-5
1.421300000E+9	3.479327000E-5
1.421303333E+9	3.532206000E-5
1.421306667E+9	3.535864000E-5
1.421310000E+9	3.493761000E-5
1.421313333E+9	3.543253000E-5
1.421316667E+9	3.463856000E-5
1.421320000E+9	3.497508000E-5
1.421323333E+9	3.592706000E-5
1.421326667E+9	3.629001000E-5
1.421330000E+9	3.603739000E-5
1.421333333E+9	3.647130000E-5
1.421336667E+9	3.594057000E-5
1.421340000E+9	3.615062000E-5
1.421343333E+9	3.620123000E-5
1.421346667E+9	3.427781000E-5
1.421350000E+9	3.503475000E-5
1.421353333E+9	3.488072000E-5
1.421356667E+9	3.645795000E-5
1.421360000E+9	3.565023000E-5
1.421363333E+9	3.485793000E-5
1.421366667E+9	3.508263000E-5
1.421370000E+9	3.587918000E-5
1.421373333E+9	3.646267000E-5
1.421376667E+9	3.602845000E-5
1.421380000E+9	3.765968000E-5
1.421383333E+9	3.538416000E-5
1.421386667E+9	3.582437000E-5
1.421390000E+9	3.590102000E-5
1.421393333E+9	3.577412000E-5
1.421396667E+9	3.641981000E-5
1.421400000E+9	3.600843000E-5
