Frequency, Hz	Amplitude, Volts
1.419400000E+9	4.570076000E-5
1.419403333E+9	4.690974000E-5
1.419406667E+9	4.709939000E-5
1.419410000E+9	4.236497000E-5
1.419413333E+9	4.010714000E-5
1.419416667E+9	4.238194000E-5
1.419420000E+9	4.678219000E-5
1.419423333E+9	4.026712000E-5
1.419426667E+9	4.066361000E-5
1.419430000E+9	4.323290000E-5
1.419433333E+9	4.303723000E-5
1.419436667E+9	4.452733000E-5
1.419440000E+9	4.132738000E-5
1.419443333E+9	4.859266000E-5
1.419446667E+9	4.712287000E-5
1.419450000E+9	4.338149000E-5
1.419453333E+9	4.601998000E-5
1.419456667E+9	4.001675000E-5
1.419460000E+9	4.584410000E-5
1.419463333E+9	5.235114000E-5
1.419466667E+9	4.280833000E-5
1.419470000E+9	4.109030000E-5
1.419473333E+9	3.963423000E-5
1.419476667E+9	4.332526000E-5
1.419480000E+9	4.327888000E-5
1.419483333E+9	4.276767000E-5
1.419486667E+9	4.384496000E-5
1.419490000E+9	4.011871000E-5
1.419493333E+9	4.320361000E-5
1.419496667E+9	4.744356000E-5
1.419500000E+9	4.153333000E-5
1.419503333E+9	4.473317000E-5
1.419506667E+9	4.577888000E-5
1.419510000E+9	4.683402000E-5
1.419513333E+9	4.786675000E-5
1.419516667E+9	3.961409000E-5
1.419520000E+9	4.288776000E-5
1.419523333E+9	4.143546000E-5
1.419526667E+9	4.360019000E-5
1.419530000E+9	4.518560000E-5
1.419533333E+9	4.247163000E-5
1.419536667E+9	4.505635000E-5
1.419540000E+9	4.210036000E-5
1.419543333E+9	4.507834000E-5
1.419546667E+9	4.141274000E-5
1.419550000E+9	4.092504000E-5
1.419553333E+9	4.152346000E-5
1.419556667E+9	4.317251000E-5
1.419560000E+9	4.693047000E-5
1.419563333E+9	4.615337000E-5
1.419566667E+9	4.159771000E-5
1.419570000E+9	4.064611000E-5
1.419573333E+9	4.355067000E-5
1.419576667E+9	4.328172000E-5
1.419580000E+9	4.357505000E-5
1.419583333E+9	3.899314000E-5
1.419586667E+9	4.303576000E-5
1.419590000E+9	4.399870000E-5
1.419593333E+9	4.170183000E-5
1.419596667E+9	4.239468000E-5
1.419600000E+9	4.510301000E-5
1.419603333E+9	3.837006000E-5
1.419606667E+9	4.209560000E-5
1.419610000E+9	4.189345000E-5
1.419613333E+9	4.272682000E-5
1.419616667E+9	4.074855000E-5
1.419620000E+9	4.333251000E-5
1.419623333E+9	4.422320000E-5
1.419626667E+9	4.527575000E-5
1.419630000E+9	4.374812000E-5
1.419633333E+9	4.361098000E-5
1.419636667E+9	4.168777000E-5
1.419640000E+9	4.396526000E-5
1.419643333E+9	4.314986000E-5
1.419646667E+9	4.399410000E-5
1.419650000E+9	4.295948000E-5
1.419653333E+9	4.401264000E-5
1.419656667E+9	4.320267000E-5
1.419660000E+9	4.280875000E-5
1.419663333E+9	4.519852000E-5
1.419666667E+9	4.395967000E-5
1.419670000E+9	4.326556000E-5
1.419673333E+9	4.086707000E-5
1.419676667E+9	4.606717000E-5
1.419680000E+9	4.123478000E-5
1.419683333E+9	4.131477000E-5
1.419686667E+9	4.714774000E-5
1.419690000E+9	4.185554000E-5
1.419693333E+9	4.326476000E-5
1.419696667E+9	4.406677000E-5
1.419700000E+9	4.773969000E-5
1.419703333E+9	4.422006000E-5
1.419706667E+9	4.777141000E-5
1.419710000E+9	4.334315000E-5
1.419713333E+9	4.334144000E-5
1.419716667E+9	3.960323000E-5
1.419720000E+9	4.179031000E-5
1.419723333E+9	4.272607000E-5
1.419726667E+9	4.141416000E-5
1.419730000E+9	4.296473000E-5
1.419733333E+9	4.452027000E-5
1.419736667E+9	4.639219000E-5
1.419740000E+9	4.473100000E-5
1.419743333E+9	4.305504000E-5
1.419746667E+9	4.623523000E-5
1.419750000E+9	4.624245000E-5
1.419753333E+9	4.507719000E-5
1.419756667E+9	4.513306000E-5
1.419760000E+9	4.738870000E-5
1.419763333E+9	4.142091000E-5
1.419766667E+9	4.321657000E-5
1.419770000E+9	4.613286000E-5
1.419773333E+9	4.198195000E-5
1.419776667E+9	4.080638000E-5
1.419780000E+9	4.487985000E-5
1.419783333E+9	4.245128000E-5
1.419786667E+9	4.137353000E-5
1.419790000E+9	4.283565000E-5
1.419793333E+9	4.779767000E-5
1.419796667E+9	4.292050000E-5
1.419800000E+9	4.643504000E-5
1.419803333E+9	4.004590000E-5
1.419806667E+9	4.410290000E-5
1.419810000E+9	3.981899000E-5
1.419813333E+9	4.563721000E-5
1.419816667E+9	4.596860000E-5
1.419820000E+9	4.659636000E-5
1.419823333E+9	4.083355000E-5
1.419826667E+9	4.142579000E-5
1.419830000E+9	4.122289000E-5
1.419833333E+9	4.179990000E-5
1.419836667E+9	4.460422000E-5
1.419840000E+9	4.576031000E-5
1.419843333E+9	4.398638000E-5
1.419846667E+9	4.075307000E-5
1.419850000E+9	3.722138000E-5
1.419853333E+9	4.426543000E-5
1.419856667E+9	4.402992000E-5
1.419860000E+9	4.477535000E-5
1.419863333E+9	4.221377000E-5
1.419866667E+9	4.397041000E-5
1.419870000E+9	4.032081000E-5
1.419873333E+9	4.382035000E-5
1.419876667E+9	4.674703000E-5
1.419880000E+9	3.730546000E-5
1.419883333E+9	3.908125000E-5
1.419886667E+9	4.240343000E-5
1.419890000E+9	4.298344000E-5
1.419893333E+9	4.482227000E-5
1.419896667E+9	3.890195000E-5
1.419900000E+9	4.249535000E-5
1.419903333E+9	4.476855000E-5
1.419906667E+9	4.299504000E-5
1.419910000E+9	4.449403000E-5
1.419913333E+9	3.756424000E-5
1.419916667E+9	4.734853000E-5
1.419920000E+9	3.998846000E-5
1.419923333E+9	4.127170000E-5
1.419926667E+9	4.522608000E-5
1.419930000E+9	4.185455000E-5
1.419933333E+9	4.474946000E-5
1.419936667E+9	4.395657000E-5
1.419940000E+9	3.901503000E-5
1.419943333E+9	4.123754000E-5
1.419946667E+9	4.260544000E-5
1.419950000E+9	4.701726000E-5
1.419953333E+9	4.546923000E-5
1.419956667E+9	4.332587000E-5
1.419960000E+9	4.213438000E-5
1.419963333E+9	4.239922000E-5
1.419966667E+9	4.531746000E-5
1.419970000E+9	4.351860000E-5
1.419973333E+9	4.257407000E-5
1.419976667E+9	4.914026000E-5
1.419980000E+9	4.173210000E-5
1.419983333E+9	3.972263000E-5
1.419986667E+9	4.264515000E-5
1.419990000E+9	4.272368000E-5
1.419993333E+9	4.081317000E-5
1.419996667E+9	4.280366000E-5
1.420000000E+9	4.260788000E-5
1.420003333E+9	4.340637000E-5
1.420006667E+9	4.373934000E-5
1.420010000E+9	4.071705000E-5
1.420013333E+9	4.749458000E-5
1.420016667E+9	4.380682000E-5
1.420020000E+9	4.450046000E-5
1.420023333E+9	4.513279000E-5
1.420026667E+9	4.931111000E-5
1.420030000E+9	4.441773000E-5
1.420033333E+9	4.563171000E-5
1.420036667E+9	4.449669000E-5
1.420040000E+9	4.548931000E-5
1.420043333E+9	4.331742000E-5
1.420046667E+9	4.466838000E-5
1.420050000E+9	4.460406000E-5
1.420053333E+9	4.737337000E-5
1.420056667E+9	4.413235000E-5
1.420060000E+9	3.748144000E-5
1.420063333E+9	4.432858000E-5
1.420066667E+9	4.945469000E-5
1.420070000E+9	4.865617000E-5
1.420073333E+9	4.274432000E-5
1.420076667E+9	4.368348000E-5
1.420080000E+9	4.265043000E-5
1.420083333E+9	4.085475000E-5
1.420086667E+9	4.693577000E-5
1.420090000E+9	4.334796000E-5
1.420093333E+9	4.201349000E-5
1.420096667E+9	4.441779000E-5
1.420100000E+9	4.627482000E-5
1.420103333E+9	4.189959000E-5
1.420106667E+9	4.329127000E-5
1.420110000E+9	4.559088000E-5
1.420113333E+9	4.248563000E-5
1.420116667E+9	4.699447000E-5
1.420120000E+9	4.072918000E-5
1.420123333E+9	4.219062000E-5
1.420126667E+9	4.306582000E-5
1.420130000E+9	4.039811000E-5
1.420133333E+9	4.224942000E-5
1.420136667E+9	4.208719000E-5
1.420140000E+9	4.380125000E-5
1.420143333E+9	4.559554000E-5
1.420146667E+9	4.804990000E-5
1.420150000E+9	4.148061000E-5
1.420153333E+9	4.236498000E-5
1.420156667E+9	4.180151000E-5
1.420160000E+9	4.496898000E-5
1.420163333E+9	4.219759000E-5
1.420166667E+9	4.342796000E-5
1.420170000E+9	4.299718000E-5
1.420173333E+9	4.263439000E-5
1.420176667E+9	4.544663000E-5
1.420180000E+9	4.189350000E-5
1.420183333E+9	4.502857000E-5
1.420186667E+9	4.189453000E-5
1.420190000E+9	4.467242000E-5
1.420193333E+9	4.533159000E-5
1.420196667E+9	4.394423000E-5
1.420200000E+9	4.348332000E-5
1.420203333E+9	4.195599000E-5
1.420206667E+9	4.286857000E-5
1.420210000E+9	4.070207000E-5
1.420213333E+9	4.545438000E-5
1.420216667E+9	4.604732000E-5
1.420220000E+9	4.459206000E-5
1.420223333E+9	4.093041000E-5
1.420226667E+9	4.523192000E-5
1.420230000E+9	4.911961000E-5
1.420233333E+9	4.787412000E-5
1.420236667E+9	4.240285000E-5
1.420240000E+9	3.845036000E-5
1.420243333E+9	4.474655000E-5
1.420246667E+9	4.512478000E-5
1.420250000E+9	4.225770000E-5
1.420253333E+9	4.500151000E-5
1.420256667E+9	4.109363000E-5
1.420260000E+9	4.658338000E-5
1.420263333E+9	4.556480000E-5
1.420266667E+9	4.813347000E-5
1.420270000E+9	3.985379000E-5
1.420273333E+9	4.147870000E-5
1.420276667E+9	4.244798000E-5
1.420280000E+9	4.071122000E-5
1.420283333E+9	4.862508000E-5
1.420286667E+9	4.436085000E-5
1.420290000E+9	4.285604000E-5
1.420293333E+9	4.325297000E-5
1.420296667E+9	4.382832000E-5
1.420300000E+9	4.254246000E-5
1.420303333E+9	4.611372000E-5
1.420306667E+9	4.547469000E-5
1.420310000E+9	4.709694000E-5
1.420313333E+9	4.202929000E-5
1.420316667E+9	4.284378000E-5
1.420320000E+9	4.717104000E-5
1.420323333E+9	4.137710000E-5
1.420326667E+9	4.327321000E-5
1.420330000E+9	4.600751000E-5
1.420333333E+9	4.508112000E-5
1.420336667E+9	4.321239000E-5
1.420340000E+9	4.328741000E-5
1.420343333E+9	4.654531000E-5
1.420346667E+9	4.834480000E-5
1.420350000E+9	4.345477000E-5
1.420353333E+9	4.543163000E-5
1.420356667E+9	4.438744000E-5
1.420360000E+9	4.828975000E-5
1.420363333E+9	4.338439000E-5
1.420366667E+9	4.255633000E-5
1.420370000E+9	4.471209000E-5
1.420373333E+9	4.372399000E-5
1.420376667E+9	4.885037000E-5
1.420380000E+9	4.480999000E-5
1.420383333E+9	4.200028000E-5
1.420386667E+9	4.329509000E-5
1.420390000E+9	4.252941000E-5
1.420393333E+9	4.740702000E-5
1.420396667E+9	4.037203000E-5
1.420400000E+9	4.430225000E-5
1.420403333E+9	4.577756000E-5
1.420406667E+9	4.037868000E-5
1.420410000E+9	4.533992000E-5
1.420413333E+9	4.160881000E-5
1.420416667E+9	4.675284000E-5
1.420420000E+9	4.559008000E-5
1.420423333E+9	4.493112000E-5
1.420426667E+9	4.386258000E-5
1.420430000E+9	4.362183000E-5
1.420433333E+9	4.197879000E-5
1.420436667E+9	4.363264000E-5
1.420440000E+9	4.679311000E-5
1.420443333E+9	4.404708000E-5
1.420446667E+9	4.428461000E-5
1.420450000E+9	4.478480000E-5
1.420453333E+9	4.298494000E-5
1.420456667E+9	4.444737000E-5
1.420460000E+9	4.640721000E-5
1.420463333E+9	4.286586000E-5
1.420466667E+9	4.453058000E-5
1.420470000E+9	4.105623000E-5
1.420473333E+9	4.453983000E-5
1.420476667E+9	4.689702000E-5
1.420480000E+9	4.274340000E-5
1.420483333E+9	4.500892000E-5
1.420486667E+9	3.922742000E-5
1.420490000E+9	4.658127000E-5
1.420493333E+9	4.700465000E-5
1.420496667E+9	4.639190000E-5
1.420500000E+9	4.454057000E-5
1.420503333E+9	4.786719000E-5
1.420506667E+9	4.244263000E-5
1.420510000E+9	3.992175000E-5
1.420513333E+9	4.104339000E-5
1.420516667E+9	4.419356000E-5
1.420520000E+9	4.293356000E-5
1.420523333E+9	3.978149000E-5
1.420526667E+9	4.243915000E-5
1.420530000E+9	4.159589000E-5
1.420533333E+9	4.352875000E-5
1.420536667E+9	4.565656000E-5
1.420540000E+9	4.445905000E-5
1.420543333E+9	4.168021000E-5
1.420546667E+9	4.031347000E-5
1.420550000E+9	4.245254000E-5
1.420553333E+9	3.912703000E-5
1.420556667E+9	4.094708000E-5
1.420560000E+9	4.337057000E-5
1.420563333E+9	4.502665000E-5
1.420566667E+9	4.317988000E-5
1.420570000E+9	4.381510000E-5
1.420573333E+9	4.411897000E-5
1.420576667E+9	4.444572000E-5
1.420580000E+9	4.010112000E-5
1.420583333E+9	4.552370000E-5
1.420586667E+9	4.203437000E-5
1.420590000E+9	4.162597000E-5
1.420593333E+9	4.114739000E-5
1.420596667E+9	4.631152000E-5
1.420600000E+9	5.155402000E-5
1.420603333E+9	4.140007000E-5
1.420606667E+9	4.355438000E-5
1.420610000E+9	4.410933000E-5
1.420613333E+9	4.355458000E-5
1.420616667E+9	4.794165000E-5
1.420620000E+9	4.803550000E-5
1.420623333E+9	4.459171000E-5
1.420626667E+9	4.673133000E-5
1.420630000E+9	4.491724000E-5
1.420633333E+9	4.161456000E-5
1.420636667E+9	4.232728000E-5
1.420640000E+9	4.383590000E-5
1.420643333E+9	4.446402000E-5
1.420646667E+9	4.523631000E-5
1.420650000E+9	4.473880000E-5
1.420653333E+9	4.243313000E-5
1.420656667E+9	4.502891000E-5
1.420660000E+9	4.472239000E-5
1.420663333E+9	4.609222000E-5
1.420666667E+9	4.541550000E-5
1.420670000E+9	4.422670000E-5
1.420673333E+9	3.930754000E-5
1.420676667E+9	4.255739000E-5
1.420680000E+9	4.443022000E-5
1.420683333E+9	4.397306000E-5
1.420686667E+9	4.488229000E-5
1.420690000E+9	4.675401000E-5
1.420693333E+9	3.943062000E-5
1.420696667E+9	4.611221000E-5
1.420700000E+9	4.463483000E-5
1.420703333E+9	3.551930000E-5
1.420706667E+9	4.290703000E-5
1.420710000E+9	4.421712000E-5
1.420713333E+9	4.776511000E-5
1.420716667E+9	4.508163000E-5
1.420720000E+9	4.217383000E-5
1.420723333E+9	4.145085000E-5
1.420726667E+9	3.892567000E-5
1.420730000E+9	4.112870000E-5
1.420733333E+9	4.473175000E-5
1.420736667E+9	4.316044000E-5
1.420740000E+9	4.724626000E-5
1.420743333E+9	4.321544000E-5
1.420746667E+9	4.888792000E-5
1.420750000E+9	4.302501000E-5
1.420753333E+9	4.275674000E-5
1.420756667E+9	4.223894000E-5
1.420760000E+9	3.875561000E-5
1.420763333E+9	4.514815000E-5
1.420766667E+9	4.008236000E-5
1.420770000E+9	4.321889000E-5
1.420773333E+9	4.189497000E-5
1.420776667E+9	4.367703000E-5
1.420780000E+9	4.936697000E-5
1.420783333E+9	4.062925000E-5
1.420786667E+9	4.182748000E-5
1.420790000E+9	4.188230000E-5
1.420793333E+9	4.319334000E-5
1.420796667E+9	4.212413000E-5
1.420800000E+9	4.752760000E-5
1.420803333E+9	4.104453000E-5
1.420806667E+9	4.480250000E-5
1.420810000E+9	3.998838000E-5
1.420813333E+9	4.395413000E-5
1.420816667E+9	4.452896000E-5
1.420820000E+9	4.362965000E-5
1.420823333E+9	4.117527000E-5
1.420826667E+9	4.344269000E-5
1.420830000E+9	4.075343000E-5
1.420833333E+9	4.340888000E-5
1.420836667E+9	4.547338000E-5
1.420840000E+9	4.302039000E-5
1.420843333E+9	4.545019000E-5
1.420846667E+9	4.401569000E-5
1.420850000E+9	4.229963000E-5
1.420853333E+9	3.936949000E-5
1.420856667E+9	4.390565000E-5
1.420860000E+9	4.520490000E-5
1.420863333E+9	4.021354000E-5
1.420866667E+9	3.924253000E-5
1.420870000E+9	4.216635000E-5
1.420873333E+9	4.259373000E-5
1.420876667E+9	4.452121000E-5
1.420880000E+9	4.154380000E-5
1.420883333E+9	4.031254000E-5
1.420886667E+9	4.332955000E-5
1.420890000E+9	4.348456000E-5
1.420893333E+9	4.369831000E-5
1.420896667E+9	4.573546000E-5
1.420900000E+9	4.097617000E-5
1.420903333E+9	4.493157000E-5
1.420906667E+9	4.134987000E-5
1.420910000E+9	4.228374000E-5
1.420913333E+9	5.138012000E-5
1.420916667E+9	4.737985000E-5
1.420920000E+9	4.497419000E-5
1.420923333E+9	4.343817000E-5
1.420926667E+9	4.372095000E-5
1.420930000E+9	4.526895000E-5
1.420933333E+9	4.428214000E-5
1.420936667E+9	4.427514000E-5
1.420940000E+9	4.101166000E-5
1.420943333E+9	4.537326000E-5
1.420946667E+9	4.142362000E-5
1.420950000E+9	4.357761000E-5
1.420953333E+9	4.788775000E-5
1.420956667E+9	4.090328000E-5
1.420960000E+9	4.463475000E-5
1.420963333E+9	4.026658000E-5
1.420966667E+9	4.738493000E-5
1.420970000E+9	5.150221000E-5
1.420973333E+9	4.548517000E-5
1.420976667E+9	4.192321000E-5
1.420980000E+9	4.665751000E-5
1.420983333E+9	4.375775000E-5
1.420986667E+9	4.611539000E-5
1.420990000E+9	3.908368000E-5
1.420993333E+9	4.230869000E-5
1.420996667E+9	4.023071000E-5
1.421000000E+9	4.418245000E-5
1.421003333E+9	4.515266000E-5
1.421006667E+9	4.567611000E-5
1.421010000E+9	4.396074000E-5
1.421013333E+9	4.650276000E-5
1.421016667E+9	4.846153000E-5
1.421020000E+9	3.936648000E-5
1.421023333E+9	4.208972000E-5
1.421026667E+9	4.312207000E-5
1.421030000E+9	4.212528000E-5
1.421033333E+9	4.889665000E-5
1.421036667E+9	4.051264000E-5
1.421040000E+9	4.159213000E-5
1.421043333E+9	4.174575000E-5
1.421046667E+9	4.284128000E-5
1.421050000E+9	4.354292000E-5
1.421053333E+9	4.327419000E-5
1.421056667E+9	4.305994000E-5
1.421060000E+9	4.022198000E-5
1.421063333E+9	4.299592000E-5
1.421066667E+9	4.354522000E-5
1.421070000E+9	4.630332000E-5
1.421073333E+9	4.598759000E-5
1.421076667E+9	4.192139000E-5
1.421080000E+9	4.209753000E-5
1.421083333E+9	4.367636000E-5
1.421086667E+9	4.485334000E-5
1.421090000E+9	4.390084000E-5
1.421093333E+9	4.363498000E-5
1.421096667E+9	4.279284000E-5
1.421100000E+9	3.986644000E-5
1.421103333E+9	4.521891000E-5
1.421106667E+9	4.529090000E-5
1.421110000E+9	4.585279000E-5
1.421113333E+9	4.457293000E-5
1.421116667E+9	4.518513000E-5
1.421120000E+9	4.339231000E-5
1.421123333E+9	4.044558000E-5
1.421126667E+9	4.671007000E-5
1.421130000E+9	4.222399000E-5
1.421133333E+9	4.444594000E-5
1.421136667E+9	4.048843000E-5
1.421140000E+9	4.812987000E-5
1.421143333E+9	4.617156000E-5
1.421146667E+9	4.838583000E-5
1.421150000E+9	4.427303000E-5
1.421153333E+9	4.070401000E-5
1.421156667E+9	4.278978000E-5
1.421160000E+9	3.982427000E-5
1.421163333E+9	4.455318000E-5
1.421166667E+9	4.219807000E-5
1.421170000E+9	4.301846000E-5
1.421173333E+9	4.516483000E-5
1.421176667E+9	3.834864000E-5
1.421180000E+9	4.418634000E-5
1.421183333E+9	4.630695000E-5
1.421186667E+9	4.933919000E-5
1.421190000E+9	4.173322000E-5
1.421193333E+9	4.264791000E-5
1.421196667E+9	4.177928000E-5
1.421200000E+9	4.183657000E-5
1.421203333E+9	4.667169000E-5
1.421206667E+9	4.523515000E-5
1.421210000E+9	4.474090000E-5
1.421213333E+9	4.409440000E-5
1.421216667E+9	4.287805000E-5
1.421220000E+9	3.956781000E-5
1.421223333E+9	4.608463000E-5
1.421226667E+9	4.315276000E-5
1.421230000E+9	4.458409000E-5
1.421233333E+9	3.934555000E-5
1.421236667E+9	4.154580000E-5
1.421240000E+9	4.431312000E-5
1.421243333E+9	4.203726000E-5
1.421246667E+9	4.184556000E-5
1.421250000E+9	4.610630000E-5
1.421253333E+9	4.915821000E-5
1.421256667E+9	4.808425000E-5
1.421260000E+9	4.087471000E-5
1.421263333E+9	4.299766000E-5
1.421266667E+9	4.219635000E-5
1.421270000E+9	4.101595000E-5
1.421273333E+9	4.406875000E-5
1.421276667E+9	4.285889000E-5
1.421280000E+9	4.395600000E-5
1.421283333E+9	4.665372000E-5
1.421286667E+9	4.843613000E-5
1.421290000E+9	4.108841000E-5
1.421293333E+9	4.518316000E-5
1.421296667E+9	4.659824000E-5
1.421300000E+9	4.328241000E-5
1.421303333E+9	4.332337000E-5
1.421306667E+9	4.332518000E-5
1.421310000E+9	3.955264000E-5
1.421313333E+9	4.617142000E-5
1.421316667E+9	4.594283000E-5
1.421320000E+9	4.835361000E-5
1.421323333E+9	4.371778000E-5
1.421326667E+9	4.310530000E-5
1.421330000E+9	3.936414000E-5
1.421333333E+9	4.270773000E-5
1.421336667E+9	4.921470000E-5
1.421340000E+9	4.687281000E-5
1.421343333E+9	4.289295000E-5
1.421346667E+9	4.284986000E-5
1.421350000E+9	4.351077000E-5
1.421353333E+9	4.245841000E-5
1.421356667E+9	4.636924000E-5
1.421360000E+9	4.666810000E-5
1.421363333E+9	4.318960000E-5
1.421366667E+9	4.432509000E-5
1.421370000E+9	3.912213000E-5
1.421373333E+9	4.432660000E-5
1.421376667E+9	4.188921000E-5
1.421380000E+9	4.356052000E-5
1.421383333E+9	4.228030000E-5
1.421386667E+9	4.546309000E-5
1.421390000E+9	4.663981000E-5
1.421393333E+9	4.271900000E-5
1.421396667E+9	4.337084000E-5
1.421400000E+9	4.761120000E-5
